worker_192.168.219.74/datasystem_worker.INFO.20260508024052_043.log.gz:17350:2026-05-08T02:39:54.081735 | I | worker_oc_service_get_impl.cpp:130 | 192.168.219.74 | 11:295 | c1b4f751-1c49-4b28-ae5b-67404ec8869b | jingpai |  [Get] Receive, clientId: 4b1034a3-8814-4610-8d1f-ddc2cca51b27, serverApiReadCost: 0.006ms, inflightRemoteGet: 3
worker_192.168.219.74/datasystem_worker.INFO.20260508024052_043.log.gz:17352:2026-05-08T02:39:54.081767 | I | worker_oc_service_get_impl.cpp:165 | 192.168.219.74 | 11:206 | c1b4f751-1c49-4b28-ae5b-67404ec8869b | jingpai |  [Get] Receive, clientId: 4b1034a3-8814-4610-8d1f-ddc2cca51b27, objects: kv_test_4_3_162577145980200_0, threadPool: idle(9),total(14),wait(0), elapsed: 0.000ms, remainingTime: 15.000ms
worker_192.168.219.74/datasystem_worker.INFO.20260508024052_043.log.gz:17389:2026-05-08T02:39:54.085661 | I | worker_oc_service_get_impl.cpp:194 | 192.168.219.74 | 11:206 | c1b4f751-1c49-4b28-ae5b-67404ec8869b | jingpai |  [Get] Done, clientId: 4b1034a3-8814-4610-8d1f-ddc2cca51b27, objects: 1, transferPath: UB, totalCost: exceed 3ms: {ProcessGetObjectRequest: 3 ms; }
