worker_192.168.219.74/datasystem_worker.INFO.20260508024052_043.log.gz:17420:2026-05-08T02:39:54.090206 | I | worker_oc_service_get_impl.cpp:130 | 192.168.219.74 | 11:293 | 75789052-6a11-4764-b6d5-d52503ad6c11 | jingpai |  [Get] Receive, clientId: 7f82632a-ab28-4bb6-8e21-014ec84e1735, serverApiReadCost: 0.004ms, inflightRemoteGet: 2
worker_192.168.219.74/datasystem_worker.INFO.20260508024052_043.log.gz:17437:2026-05-08T02:39:54.090537 | I | worker_oc_service_get_impl.cpp:165 | 192.168.219.74 | 11:421 | 75789052-6a11-4764-b6d5-d52503ad6c11 | jingpai |  [Get] Receive, clientId: 7f82632a-ab28-4bb6-8e21-014ec84e1735, objects: kv_test_2_10_162578100310790_0, threadPool: idle(3),total(14),wait(3), elapsed: 0.000ms, remainingTime: 14.000ms
worker_192.168.219.74/datasystem_worker.INFO.20260508024052_043.log.gz:17633:2026-05-08T02:39:54.096714 | I | worker_oc_service_get_impl.cpp:194 | 192.168.219.74 | 11:421 | 75789052-6a11-4764-b6d5-d52503ad6c11 | jingpai |  [Get] Done, clientId: 7f82632a-ab28-4bb6-8e21-014ec84e1735, objects: 1, transferPath: UB, totalCost: exceed 3ms: {ProcessGetObjectRequest: 6 ms; }
