worker_192.168.219.74/datasystem_worker.INFO.20260508024052_043.log.gz:17416:2026-05-08T02:39:54.090157 | I | worker_oc_service_get_impl.cpp:130 | 192.168.219.74 | 11:293 | 630da18f-24ef-4fd1-86a1-8488b1b33464 | jingpai |  [Get] Receive, clientId: 202195ca-a414-4f90-a5e2-bc1782d343a9, serverApiReadCost: 0.003ms, inflightRemoteGet: 2
worker_192.168.219.74/datasystem_worker.INFO.20260508024052_043.log.gz:17426:2026-05-08T02:39:54.090325 | I | worker_oc_service_get_impl.cpp:165 | 192.168.219.74 | 11:203 | 630da18f-24ef-4fd1-86a1-8488b1b33464 | jingpai |  [Get] Receive, clientId: 202195ca-a414-4f90-a5e2-bc1782d343a9, objects: kv_test_2_10_162578100310790_0, threadPool: idle(5),total(14),wait(5), elapsed: 0.000ms, remainingTime: 14.000ms
worker_192.168.219.74/datasystem_worker.INFO.20260508024052_043.log.gz:17634:2026-05-08T02:39:54.096716 | I | worker_oc_service_get_impl.cpp:194 | 192.168.219.74 | 11:203 | 630da18f-24ef-4fd1-86a1-8488b1b33464 | jingpai |  [Get] Done, clientId: 202195ca-a414-4f90-a5e2-bc1782d343a9, objects: 1, transferPath: UB, totalCost: exceed 3ms: {ProcessGetObjectRequest: 6 ms; }
