worker_192.168.219.74/datasystem_worker.INFO.log:296501:2026-05-08T02:45:54.186414 | I | worker_oc_service_get_impl.cpp:130 | 192.168.219.74 | 11:289 | eb9e237f-d8ca-4346-9ce2-0df54721b931 | jingpai |  [Get] Receive, clientId: 202195ca-a414-4f90-a5e2-bc1782d343a9, serverApiReadCost: 0.010ms, inflightRemoteGet: 2
worker_192.168.219.74/datasystem_worker.INFO.log:296502:2026-05-08T02:45:54.186456 | I | worker_oc_service_get_impl.cpp:165 | 192.168.219.74 | 11:445 | eb9e237f-d8ca-4346-9ce2-0df54721b931 | jingpai |  [Get] Receive, clientId: 202195ca-a414-4f90-a5e2-bc1782d343a9, objects: kv_test_11_8_162932541997300_0, threadPool: idle(17),total(32),wait(0), elapsed: 0.000ms, remainingTime: 16.000ms
worker_192.168.219.74/datasystem_worker.INFO.log:297027:2026-05-08T02:45:54.195334 | I | worker_oc_service_get_impl.cpp:194 | 192.168.219.74 | 11:445 | eb9e237f-d8ca-4346-9ce2-0df54721b931 | jingpai |  [Get] Done, clientId: 202195ca-a414-4f90-a5e2-bc1782d343a9, objects: 1, transferPath: UB, totalCost: exceed 3ms: {ProcessGetObjectRequest: 8 ms; }
