worker_192.168.219.74/datasystem_worker.INFO.20260508024052_043.log.gz:17421:2026-05-08T02:39:54.090212 | I | worker_oc_service_get_impl.cpp:130 | 192.168.219.74 | 11:291 | a38e138f-994b-4da7-b9bd-8dd87bfad883 | jingpai |  [Get] Receive, clientId: 0fe94339-5197-4982-98b7-dcf677c5d061, serverApiReadCost: 0.004ms, inflightRemoteGet: 2
worker_192.168.219.74/datasystem_worker.INFO.20260508024052_043.log.gz:17439:2026-05-08T02:39:54.093530 | I | worker_oc_service_get_impl.cpp:165 | 192.168.219.74 | 11:207 | a38e138f-994b-4da7-b9bd-8dd87bfad883 | jingpai |  [Get] Receive, clientId: 0fe94339-5197-4982-98b7-dcf677c5d061, objects: kv_test_14_13_162572206528000_0, threadPool: idle(1),total(14),wait(1), elapsed: 3.000ms, remainingTime: 13.000ms
worker_192.168.219.74/datasystem_worker.INFO.20260508024052_043.log.gz:17967:2026-05-08T02:39:54.097823 | I | worker_oc_service_get_impl.cpp:194 | 192.168.219.74 | 11:207 | a38e138f-994b-4da7-b9bd-8dd87bfad883 | jingpai |  [Get] Done, clientId: 0fe94339-5197-4982-98b7-dcf677c5d061, objects: 1, transferPath: UB, totalCost: exceed 3ms: {ProcessGetObjectRequest: 7 ms; }
