worker_192.168.219.74/datasystem_worker.INFO.20260508024446_202.log.gz:212638:2026-05-08T02:43:54.158164 | I | worker_worker_oc_service_impl.cpp:693 | 192.168.219.74 | 11:414 | bf38fd11-7bd6-4c2b-abc1-330fa3533029 | jingpai |  [Get/RemotePull] Receive, count: 1, remainingTime: 13ms, src=192.168.89.16:31402, dst=192.168.219.74:31402
worker_192.168.219.74/datasystem_worker.INFO.20260508024446_202.log.gz:212645:2026-05-08T02:43:54.161563 | I | worker_worker_oc_service_impl.cpp:196 | 192.168.219.74 | 11:414 | bf38fd11-7bd6-4c2b-abc1-330fa3533029 | jingpai |  Processing pull object[kv_test_53_7_162780386456150_0] offset[0] size[8388608], src=192.168.89.16:31402, dst=192.168.219.74:31402
worker_192.168.219.74/datasystem_worker.INFO.20260508024446_202.log.gz:212647:2026-05-08T02:43:54.161580 | I | urma_manager.cpp:1297 | 192.168.219.74 | 11:414 | bf38fd11-7bd6-4c2b-abc1-330fa3533029 | jingpai |  URMA write useNumaAffinity:1, src:1, dst:2, jetty id:1045, urma_inflight_wr_count:1
worker_192.168.235.146/datasystem_worker.INFO.20260508024440_438.log.gz:796983:2026-05-08T02:43:54.709182 | I | master_oc_service_impl.cpp:261 | 192.168.235.146 | 11:287 | bf38fd11-7bd6-4c2b-abc1-330fa3533029 | jingpai |  Processing QueryMetaReq, requestId: 072435df-dd02-4fba-9430-be7e51f53f0a
worker_192.168.235.146/datasystem_worker.INFO.20260508024440_438.log.gz:796985:2026-05-08T02:43:54.709193 | I | master_oc_service_impl.cpp:270 | 192.168.235.146 | 11:287 | bf38fd11-7bd6-4c2b-abc1-330fa3533029 | jingpai |  QueryMeta on master 192.168.89.16:31402, target num 1, success num 1. The operations of master QueryMeta exceed 3ms: {}
worker_192.168.89.16/datasystem_worker.INFO.20260508024433_638.log.gz:930202:2026-05-08T02:43:54.439153 | I | worker_oc_service_get_impl.cpp:130 | 192.168.89.16 | 11:296 | bf38fd11-7bd6-4c2b-abc1-330fa3533029 | jingpai |  [Get] Receive, clientId: 70875c5b-ae5d-44bb-966e-dd5161628f3b, serverApiReadCost: 0.004ms, inflightRemoteGet: 0
worker_192.168.89.16/datasystem_worker.INFO.20260508024433_638.log.gz:930203:2026-05-08T02:43:54.439170 | I | worker_oc_service_get_impl.cpp:165 | 192.168.89.16 | 11:417 | bf38fd11-7bd6-4c2b-abc1-330fa3533029 | jingpai |  [Get] Receive, clientId: 70875c5b-ae5d-44bb-966e-dd5161628f3b, objects: kv_test_53_7_162780386456150_0, threadPool: idle(18),total(19),wait(0), elapsed: 0.000ms, remainingTime: 16.000ms
worker_192.168.89.16/datasystem_worker.INFO.20260508024433_638.log.gz:930204:2026-05-08T02:43:54.439186 | I | worker_oc_service_get_impl.cpp:1752 | 192.168.89.16 | 11:417 | bf38fd11-7bd6-4c2b-abc1-330fa3533029 | jingpai |  Query metadata from master: 192.168.235.146:31402, objects: kv_test_53_7_162780386456150_0, request id: 072435df-dd02-4fba-9430-be7e51f53f0a, remainingTime:14ms
worker_192.168.89.16/datasystem_worker.INFO.20260508024433_638.log.gz:930208:2026-05-08T02:43:54.439475 | I | worker_oc_service_get_impl.cpp:780 | 192.168.89.16 | 11:417 | bf38fd11-7bd6-4c2b-abc1-330fa3533029 | jingpai |  [Get] Master query done, targets: 1, hits: 1, cost: 0.297ms
worker_192.168.89.16/datasystem_worker.INFO.20260508024433_638.log.gz:930209:2026-05-08T02:43:54.439494 | I | worker_oc_service_batch_get_impl.cpp:607 | 192.168.89.16 | 11:417 | bf38fd11-7bd6-4c2b-abc1-330fa3533029 | jingpai |  [Get] Remote pull, count: 1, path: UB, src=192.168.89.16:31402, dst=192.168.219.74:31402
worker_192.168.89.16/datasystem_worker.INFO.20260508024433_638.log.gz:930267:2026-05-08T02:43:54.444000 | I | worker_oc_service_get_impl.cpp:194 | 192.168.89.16 | 11:417 | bf38fd11-7bd6-4c2b-abc1-330fa3533029 | jingpai |  [Get] Done, clientId: 70875c5b-ae5d-44bb-966e-dd5161628f3b, objects: 1, transferPath: UB, totalCost: exceed 3ms: {ProcessGetObjectRequest: 4 ms; }
