worker_192.168.215.12/datasystem_worker.INFO.20260508024448_932.log.gz:185748:2026-05-08T02:43:29.841192 | I | worker_oc_service_get_impl.cpp:130 | 192.168.215.12 | 11:290 | 23cf0887-2a74-4c7d-8f45-648e1875e108 | jingpai |  [Get] Receive, clientId: 129a7a04-a9cd-4367-80ed-f35d63fc3b98, serverApiReadCost: 0.003ms, inflightRemoteGet: 0
worker_192.168.215.12/datasystem_worker.INFO.20260508024448_932.log.gz:185750:2026-05-08T02:43:29.841209 | I | worker_oc_service_get_impl.cpp:165 | 192.168.215.12 | 11:422 | 23cf0887-2a74-4c7d-8f45-648e1875e108 | jingpai |  [Get] Receive, clientId: 129a7a04-a9cd-4367-80ed-f35d63fc3b98, objects: kv_test_2_0_162793780459890_0, threadPool: idle(16),total(19),wait(0), elapsed: 0.000ms, remainingTime: 16.000ms
worker_192.168.215.12/datasystem_worker.INFO.20260508024448_932.log.gz:185761:2026-05-08T02:43:29.841988 | I | worker_oc_service_get_impl.cpp:194 | 192.168.215.12 | 11:422 | 23cf0887-2a74-4c7d-8f45-648e1875e108 | jingpai |  [Get] Done, clientId: 129a7a04-a9cd-4367-80ed-f35d63fc3b98, objects: 1, transferPath: UB, totalCost: exceed 3ms: {}
