worker_192.168.219.74/datasystem_worker.INFO.log:296399:2026-05-08T02:45:54.184019 | I | worker_oc_service_get_impl.cpp:130 | 192.168.219.74 | 11:293 | 4acaf1f3-3a1d-4087-b48d-b07eb31dc66a | jingpai |  [Get] Receive, clientId: 0fe94339-5197-4982-98b7-dcf677c5d061, serverApiReadCost: 0.005ms, inflightRemoteGet: 1
worker_192.168.219.74/datasystem_worker.INFO.log:296405:2026-05-08T02:45:54.184059 | I | worker_oc_service_get_impl.cpp:165 | 192.168.219.74 | 11:439 | 4acaf1f3-3a1d-4087-b48d-b07eb31dc66a | jingpai |  [Get] Receive, clientId: 0fe94339-5197-4982-98b7-dcf677c5d061, objects: kv_test_15_3_162884503937770_0, threadPool: idle(23),total(32),wait(2), elapsed: 0.000ms, remainingTime: 15.000ms
worker_192.168.219.74/datasystem_worker.INFO.log:296621:2026-05-08T02:45:54.187255 | I | worker_oc_service_get_impl.cpp:194 | 192.168.219.74 | 11:439 | 4acaf1f3-3a1d-4087-b48d-b07eb31dc66a | jingpai |  [Get] Done, clientId: 0fe94339-5197-4982-98b7-dcf677c5d061, objects: 1, transferPath: UB, totalCost: exceed 3ms: {ProcessGetObjectRequest: 3 ms; }
