worker_192.168.199.148/datasystem_worker.INFO.20260508024627_728.log.gz:1039635:2026-05-08T02:45:54.731774 | I | master_oc_service_impl.cpp:261 | 192.168.199.148 | 11:281 | 667bf03b-df1e-4d5b-96f9-03e588f65388 | jingpai |  Processing QueryMetaReq, requestId: bd305ca3-b29a-4a05-bfb4-bd9c99dba57c
worker_192.168.199.148/datasystem_worker.INFO.20260508024627_728.log.gz:1039637:2026-05-08T02:45:54.731793 | I | master_oc_service_impl.cpp:270 | 192.168.199.148 | 11:281 | 667bf03b-df1e-4d5b-96f9-03e588f65388 | jingpai |  QueryMeta on master 192.168.42.81:31402, target num 1, success num 1. The operations of master QueryMeta exceed 3ms: {}
worker_192.168.219.74/datasystem_worker.INFO.log:296420:2026-05-08T02:45:54.184970 | I | worker_worker_oc_service_impl.cpp:693 | 192.168.219.74 | 11:450 | 667bf03b-df1e-4d5b-96f9-03e588f65388 | jingpai |  [Get/RemotePull] Receive, count: 1, remainingTime: 13ms, src=192.168.42.81:31402, dst=192.168.219.74:31402
worker_192.168.219.74/datasystem_worker.INFO.log:296422:2026-05-08T02:45:54.184985 | I | worker_worker_oc_service_impl.cpp:196 | 192.168.219.74 | 11:450 | 667bf03b-df1e-4d5b-96f9-03e588f65388 | jingpai |  Processing pull object[kv_test_53_11_162900411693320_0] offset[0] size[8388608], src=192.168.42.81:31402, dst=192.168.219.74:31402
worker_192.168.219.74/datasystem_worker.INFO.log:296423:2026-05-08T02:45:54.185003 | I | urma_manager.cpp:1297 | 192.168.219.74 | 11:450 | 667bf03b-df1e-4d5b-96f9-03e588f65388 | jingpai |  URMA write useNumaAffinity:1, src:2, dst:2, jetty id:1027, urma_inflight_wr_count:2
worker_192.168.42.81/datasystem_worker.INFO.log:756751:2026-05-08T02:45:18.564454 | I | worker_oc_service_get_impl.cpp:130 | 192.168.42.81 | 11:295 | 667bf03b-df1e-4d5b-96f9-03e588f65388 | jingpai |  [Get] Receive, clientId: 89f13a10-fc62-497a-bb27-acc078e2547b, serverApiReadCost: 0.004ms, inflightRemoteGet: 1
worker_192.168.42.81/datasystem_worker.INFO.log:756752:2026-05-08T02:45:18.564469 | I | worker_oc_service_get_impl.cpp:165 | 192.168.42.81 | 11:411 | 667bf03b-df1e-4d5b-96f9-03e588f65388 | jingpai |  [Get] Receive, clientId: 89f13a10-fc62-497a-bb27-acc078e2547b, objects: kv_test_53_11_162900411693320_0, threadPool: idle(15),total(19),wait(0), elapsed: 0.000ms, remainingTime: 16.000ms
worker_192.168.42.81/datasystem_worker.INFO.log:756753:2026-05-08T02:45:18.564485 | I | worker_oc_service_get_impl.cpp:1752 | 192.168.42.81 | 11:411 | 667bf03b-df1e-4d5b-96f9-03e588f65388 | jingpai |  Query metadata from master: 192.168.199.148:31402, objects: kv_test_53_11_162900411693320_0, request id: bd305ca3-b29a-4a05-bfb4-bd9c99dba57c, remainingTime:14ms
worker_192.168.42.81/datasystem_worker.INFO.log:756757:2026-05-08T02:45:18.564870 | I | worker_oc_service_get_impl.cpp:780 | 192.168.42.81 | 11:411 | 667bf03b-df1e-4d5b-96f9-03e588f65388 | jingpai |  [Get] Master query done, targets: 1, hits: 1, cost: 0.392ms
worker_192.168.42.81/datasystem_worker.INFO.log:756758:2026-05-08T02:45:18.564888 | I | worker_oc_service_batch_get_impl.cpp:607 | 192.168.42.81 | 11:411 | 667bf03b-df1e-4d5b-96f9-03e588f65388 | jingpai |  [Get] Remote pull, count: 1, path: UB, src=192.168.42.81:31402, dst=192.168.219.74:31402
worker_192.168.42.81/datasystem_worker.INFO.log:756825:2026-05-08T02:45:18.569783 | I | zmq_constants.h:204 | 192.168.42.81 | 11:411 | 667bf03b-df1e-4d5b-96f9-03e588f65388 | jingpai |  [ZMQ_RPC_FRAMEWORK_SLOW] trace_id=667bf03b-df1e-4d5b-96f9-03e588f65388 framework_us=4542 e2e_us=4878 client_req_framework_us=17 remote_processing_us=4850 client_rsp_framework_us=10 server_req_queue_us=41 server_exec_us=335 server_rsp_queue_us=27 network_residual_us=4446
worker_192.168.42.81/datasystem_worker.INFO.log:756827:2026-05-08T02:45:18.569829 | I | worker_oc_service_get_impl.cpp:194 | 192.168.42.81 | 11:411 | 667bf03b-df1e-4d5b-96f9-03e588f65388 | jingpai |  [Get] Done, clientId: 89f13a10-fc62-497a-bb27-acc078e2547b, objects: 1, transferPath: UB, totalCost: exceed 3ms: {ProcessGetObjectRequest: 5 ms; }
