worker_192.168.219.74/datasystem_worker.INFO.20260508024052_043.log.gz:17494:2026-05-08T02:39:54.095259 | I | worker_oc_service_get_impl.cpp:130 | 192.168.219.74 | 11:430 | 10e7a236-a006-452c-bcd5-559b63546f7d | jingpai |  [Get] Receive, clientId: 4b1034a3-8814-4610-8d1f-ddc2cca51b27, serverApiReadCost: 0.008ms, inflightRemoteGet: 2
worker_192.168.219.74/datasystem_worker.INFO.20260508024052_043.log.gz:17513:2026-05-08T02:39:54.095776 | I | worker_oc_service_get_impl.cpp:165 | 192.168.219.74 | 11:438 | 10e7a236-a006-452c-bcd5-559b63546f7d | jingpai |  [Get] Receive, clientId: 4b1034a3-8814-4610-8d1f-ddc2cca51b27, objects: kv_test_2_13_162578108291980_0, threadPool: idle(0),total(21),wait(0), elapsed: 0.000ms, remainingTime: 16.000ms
worker_192.168.219.74/datasystem_worker.INFO.20260508024052_043.log.gz:18252:2026-05-08T02:39:54.099115 | I | worker_oc_service_get_impl.cpp:780 | 192.168.219.74 | 11:438 | 10e7a236-a006-452c-bcd5-559b63546f7d | jingpai |  [Get] Master query done, targets: 1, hits: 0, cost: 0.011ms
worker_192.168.219.74/datasystem_worker.INFO.20260508024052_043.log.gz:18257:2026-05-08T02:39:54.099189 | I | worker_oc_service_get_impl.cpp:194 | 192.168.219.74 | 11:438 | 10e7a236-a006-452c-bcd5-559b63546f7d | jingpai |  [Get] Done, clientId: 4b1034a3-8814-4610-8d1f-ddc2cca51b27, objects: 1, transferPath: UB, totalCost: exceed 3ms: {ProcessGetObjectRequest: 3 ms; }
