worker_192.168.102.84/datasystem_worker.INFO.20260508024631_527.log.gz:966025:2026-05-08T02:45:54.459423 | I | worker_oc_service_get_impl.cpp:130 | 192.168.102.84 | 11:294 | 10263420-2964-4dc9-a8b2-ca8c4c388c59 | jingpai |  [Get] Receive, clientId: 6193c6b6-826b-4504-866b-8f206defe68c, serverApiReadCost: 0.004ms, inflightRemoteGet: 2
worker_192.168.102.84/datasystem_worker.INFO.20260508024631_527.log.gz:966026:2026-05-08T02:45:54.459440 | I | worker_oc_service_get_impl.cpp:165 | 192.168.102.84 | 11:205 | 10263420-2964-4dc9-a8b2-ca8c4c388c59 | jingpai |  [Get] Receive, clientId: 6193c6b6-826b-4504-866b-8f206defe68c, objects: kv_test_53_10_162900417276050_0, threadPool: idle(13),total(19),wait(0), elapsed: 0.000ms, remainingTime: 16.000ms
worker_192.168.102.84/datasystem_worker.INFO.20260508024631_527.log.gz:966155:2026-05-08T02:45:54.465044 | I | worker_oc_service_get_impl.cpp:194 | 192.168.102.84 | 11:205 | 10263420-2964-4dc9-a8b2-ca8c4c388c59 | jingpai |  [Get] Done, clientId: 6193c6b6-826b-4504-866b-8f206defe68c, objects: 1, transferPath: UB, totalCost: exceed 3ms: {ProcessGetObjectRequest: 5 ms; }
