worker_192.168.52.203/datasystem_worker.INFO.20260508024611_441.log.gz:1346081:2026-05-08T02:45:54.916772 | I | worker_oc_service_get_impl.cpp:130 | 192.168.52.203 | 11:290 | ec4b0141-53e8-4936-a243-b4cf9acb5903 | jingpai |  [Get] Receive, clientId: 0580f789-9ecc-49a4-b29c-6afe1fc679fd, serverApiReadCost: 0.003ms, inflightRemoteGet: 1
worker_192.168.52.203/datasystem_worker.INFO.20260508024611_441.log.gz:1346082:2026-05-08T02:45:54.916789 | I | worker_oc_service_get_impl.cpp:165 | 192.168.52.203 | 11:201 | ec4b0141-53e8-4936-a243-b4cf9acb5903 | jingpai |  [Get] Receive, clientId: 0580f789-9ecc-49a4-b29c-6afe1fc679fd, objects: kv_test_53_11_162900411693320_0, threadPool: idle(16),total(19),wait(0), elapsed: 0.000ms, remainingTime: 16.000ms
worker_192.168.52.203/datasystem_worker.INFO.20260508024611_441.log.gz:1346166:2026-05-08T02:45:54.922428 | I | worker_oc_service_get_impl.cpp:194 | 192.168.52.203 | 11:201 | ec4b0141-53e8-4936-a243-b4cf9acb5903 | jingpai |  [Get] Done, clientId: 0580f789-9ecc-49a4-b29c-6afe1fc679fd, objects: 1, transferPath: UB, totalCost: exceed 3ms: {ProcessGetObjectRequest: 5 ms; }
