worker_192.168.219.74/datasystem_worker.INFO.20260508023953_612.log.gz:94324:2026-05-08T02:38:25.653412 | I | worker_oc_service_get_impl.cpp:130 | 192.168.219.74 | 11:293 | e7576bed-ded9-47dd-876f-2d63fcb2730c | jingpai |  [Get] Receive, clientId: 4b1034a3-8814-4610-8d1f-ddc2cca51b27, serverApiReadCost: 0.014ms, inflightRemoteGet: 0
worker_192.168.219.74/datasystem_worker.INFO.20260508023953_612.log.gz:94326:2026-05-08T02:38:25.653660 | I | worker_oc_service_get_impl.cpp:165 | 192.168.219.74 | 11:207 | e7576bed-ded9-47dd-876f-2d63fcb2730c | jingpai |  [Get] Receive, clientId: 4b1034a3-8814-4610-8d1f-ddc2cca51b27, objects: kv_test_1_10_162515804435920_0, threadPool: idle(6),total(8),wait(0), elapsed: 0.000ms, remainingTime: 14.000ms
worker_192.168.219.74/datasystem_worker.INFO.20260508023953_612.log.gz:94327:2026-05-08T02:38:25.653701 | I | worker_oc_service_get_impl.cpp:1752 | 192.168.219.74 | 11:207 | e7576bed-ded9-47dd-876f-2d63fcb2730c | jingpai |  Query metadata from master: 192.168.233.78:31402, objects: kv_test_1_10_162515804435920_0, request id: fbebae17-5781-4ece-9a82-32b9227caa34, remainingTime:12ms
worker_192.168.219.74/datasystem_worker.INFO.20260508023953_612.log.gz:94333:2026-05-08T02:38:25.654426 | I | worker_oc_service_get_impl.cpp:780 | 192.168.219.74 | 11:207 | e7576bed-ded9-47dd-876f-2d63fcb2730c | jingpai |  [Get] Master query done, targets: 1, hits: 1, cost: 0.738ms
worker_192.168.219.74/datasystem_worker.INFO.20260508023953_612.log.gz:94334:2026-05-08T02:38:25.654455 | I | worker_oc_service_batch_get_impl.cpp:607 | 192.168.219.74 | 11:207 | e7576bed-ded9-47dd-876f-2d63fcb2730c | jingpai |  [Get] Remote pull, count: 1, path: UB, src=192.168.219.74:31402, dst=192.168.235.146:31402
worker_192.168.219.74/datasystem_worker.INFO.20260508023953_612.log.gz:94356:2026-05-08T02:38:25.655125 | I | worker_oc_service_get_impl.cpp:194 | 192.168.219.74 | 11:207 | e7576bed-ded9-47dd-876f-2d63fcb2730c | jingpai |  [Get] Done, clientId: 4b1034a3-8814-4610-8d1f-ddc2cca51b27, objects: 1, transferPath: UB, totalCost: exceed 3ms: {}
worker_192.168.233.78/datasystem_worker.INFO.20260508024014_484.log.gz:191629:2026-05-08T02:38:26.014756 | I | master_oc_service_impl.cpp:261 | 192.168.233.78 | 11:285 | e7576bed-ded9-47dd-876f-2d63fcb2730c | jingpai |  Processing QueryMetaReq, requestId: fbebae17-5781-4ece-9a82-32b9227caa34
worker_192.168.233.78/datasystem_worker.INFO.20260508024014_484.log.gz:191630:2026-05-08T02:38:26.014767 | I | master_oc_service_impl.cpp:270 | 192.168.233.78 | 11:285 | e7576bed-ded9-47dd-876f-2d63fcb2730c | jingpai |  QueryMeta on master 192.168.219.74:31402, target num 1, success num 1. The operations of master QueryMeta exceed 3ms: {}
worker_192.168.235.146/datasystem_worker.INFO.20260508024014_742.log.gz:160225:2026-05-08T02:38:26.204841 | I | worker_worker_oc_service_impl.cpp:693 | 192.168.235.146 | 11:399 | e7576bed-ded9-47dd-876f-2d63fcb2730c | jingpai |  [Get/RemotePull] Receive, count: 1, remainingTime: 11ms, src=192.168.219.74:31402, dst=192.168.235.146:31402
worker_192.168.235.146/datasystem_worker.INFO.20260508024014_742.log.gz:160226:2026-05-08T02:38:26.204848 | I | worker_worker_oc_service_impl.cpp:196 | 192.168.235.146 | 11:399 | e7576bed-ded9-47dd-876f-2d63fcb2730c | jingpai |  Processing pull object[kv_test_1_10_162515804435920_0] offset[0] size[8388608], src=192.168.219.74:31402, dst=192.168.235.146:31402
worker_192.168.235.146/datasystem_worker.INFO.20260508024014_742.log.gz:160227:2026-05-08T02:38:26.204858 | I | urma_manager.cpp:1297 | 192.168.235.146 | 11:399 | e7576bed-ded9-47dd-876f-2d63fcb2730c | jingpai |  URMA write useNumaAffinity:1, src:2, dst:2, jetty id:1096, urma_inflight_wr_count:1
