worker_192.168.219.74/datasystem_worker.INFO.20260508024052_043.log.gz:17402:2026-05-08T02:39:54.089720 | I | master_oc_service_impl.cpp:123 | 192.168.219.74 | 11:284 | 2226a575-5812-4f75-963d-5d33d114ae55 | jingpai |  Processing CreateMetaReq, redirect: 1, src=192.168.235.146:31402, dst=192.168.219.74:31402
worker_192.168.235.146/datasystem_worker.INFO.20260508024014_742.log.gz:1286235:2026-05-08T02:39:54.637213 | I | worker_oc_service_create_impl.cpp:56 | 192.168.235.146 | 11:293 | 2226a575-5812-4f75-963d-5d33d114ae55 | jingpai |  Receive create meta request, clientId: 556f0722-752f-46f2-ba05-69ae9a045d31, objectKey: kv_test_1_15_162604245363500_0, size: 8388608
worker_192.168.235.146/datasystem_worker.INFO.20260508024014_742.log.gz:1286236:2026-05-08T02:39:54.637232 | I | worker_oc_service_create_impl.cpp:79 | 192.168.235.146 | 11:293 | 2226a575-5812-4f75-963d-5d33d114ae55 | jingpai |  [Client 556f0722-752f-46f2-ba05-69ae9a045d31] [ObjectKey kv_test_1_15_162604245363500_0] The operations of worker Create exceed 3ms: {}
worker_192.168.235.146/datasystem_worker.INFO.20260508024014_742.log.gz:1286244:2026-05-08T02:39:54.637835 | I | worker_oc_service_publish_impl.cpp:359 | 192.168.235.146 | 11:292 | 2226a575-5812-4f75-963d-5d33d114ae55 | jingpai |  [ObjectKey kv_test_1_15_162604245363500_0] is being publishing [Sz: 8388608].
worker_192.168.235.146/datasystem_worker.INFO.20260508024014_742.log.gz:1286245:2026-05-08T02:39:54.637856 | I | worker_oc_service_publish_impl.cpp:134 | 192.168.235.146 | 11:292 | 2226a575-5812-4f75-963d-5d33d114ae55 | jingpai |  Create meta to master[192.168.219.74:31402], src=192.168.235.146:31402, dst=192.168.219.74:31402
worker_192.168.235.146/datasystem_worker.INFO.20260508024014_742.log.gz:1286320:2026-05-08T02:39:54.642990 | I | zmq_constants.h:204 | 192.168.235.146 | 11:292 | 2226a575-5812-4f75-963d-5d33d114ae55 | jingpai |  [ZMQ_RPC_FRAMEWORK_SLOW] trace_id=2226a575-5812-4f75-963d-5d33d114ae55 framework_us=5055 e2e_us=5117 client_req_framework_us=17 remote_processing_us=5089 client_rsp_framework_us=10 server_req_queue_us=41 server_exec_us=61 server_rsp_queue_us=45 network_residual_us=4940
worker_192.168.235.146/datasystem_worker.INFO.20260508024014_742.log.gz:1286321:2026-05-08T02:39:54.643006 | I | worker_oc_service_publish_impl.cpp:401 | 192.168.235.146 | 11:292 | 2226a575-5812-4f75-963d-5d33d114ae55 | jingpai |  Put success
worker_192.168.235.146/datasystem_worker.INFO.20260508024014_742.log.gz:1286322:2026-05-08T02:39:54.643019 | I | worker_oc_service_publish_impl.cpp:427 | 192.168.235.146 | 11:292 | 2226a575-5812-4f75-963d-5d33d114ae55 | jingpai |  The operations of worker Publish exceed 3ms: {Worker to master rpc CreateMeta: 5 ms; Total Publish: 5 ms; }
