worker_192.168.102.84/datasystem_worker.INFO.20260508024631_527.log.gz:966001:2026-05-08T02:45:54.458621 | I | worker_oc_service_get_impl.cpp:130 | 192.168.102.84 | 11:293 | 8bacf663-3021-41b5-95bc-c86ac8181b94 | jingpai |  [Get] Receive, clientId: 5065ab4d-75c1-4cd4-af2e-23f8e7f00388, serverApiReadCost: 0.004ms, inflightRemoteGet: 2
worker_192.168.102.84/datasystem_worker.INFO.20260508024631_527.log.gz:966003:2026-05-08T02:45:54.458763 | I | worker_oc_service_get_impl.cpp:165 | 192.168.102.84 | 11:418 | 8bacf663-3021-41b5-95bc-c86ac8181b94 | jingpai |  [Get] Receive, clientId: 5065ab4d-75c1-4cd4-af2e-23f8e7f00388, objects: kv_test_53_4_162900415690440_0, threadPool: idle(16),total(19),wait(0), elapsed: 0.000ms, remainingTime: 16.000ms
worker_192.168.102.84/datasystem_worker.INFO.20260508024631_527.log.gz:966127:2026-05-08T02:45:54.464467 | I | worker_oc_service_get_impl.cpp:194 | 192.168.102.84 | 11:418 | 8bacf663-3021-41b5-95bc-c86ac8181b94 | jingpai |  [Get] Done, clientId: 5065ab4d-75c1-4cd4-af2e-23f8e7f00388, objects: 1, transferPath: UB, totalCost: exceed 3ms: {ProcessGetObjectRequest: 5 ms; }
