worker_192.168.89.16/datasystem_worker.INFO.20260508024602_394.log.gz:1517976:2026-05-08T02:45:54.471938 | I | worker_oc_service_get_impl.cpp:130 | 192.168.89.16 | 11:290 | ea0da1bd-bbf4-4a2b-a6ec-893a03d87ff8 | jingpai |  [Get] Receive, clientId: 4b213f10-39c2-46f9-b1f4-fb50c75d40bf, serverApiReadCost: 0.003ms, inflightRemoteGet: 0
worker_192.168.89.16/datasystem_worker.INFO.20260508024602_394.log.gz:1517978:2026-05-08T02:45:54.471953 | I | worker_oc_service_get_impl.cpp:165 | 192.168.89.16 | 11:203 | ea0da1bd-bbf4-4a2b-a6ec-893a03d87ff8 | jingpai |  [Get] Receive, clientId: 4b213f10-39c2-46f9-b1f4-fb50c75d40bf, objects: kv_test_53_10_162900417276050_0, threadPool: idle(17),total(20),wait(0), elapsed: 0.000ms, remainingTime: 16.000ms
worker_192.168.89.16/datasystem_worker.INFO.20260508024602_394.log.gz:1518024:2026-05-08T02:45:54.477973 | I | worker_oc_service_get_impl.cpp:780 | 192.168.89.16 | 11:203 | ea0da1bd-bbf4-4a2b-a6ec-893a03d87ff8 | jingpai |  [Get] Master query done, targets: 1, hits: 0, cost: 0.004ms
worker_192.168.89.16/datasystem_worker.INFO.20260508024602_394.log.gz:1518028:2026-05-08T02:45:54.478006 | I | worker_oc_service_get_impl.cpp:194 | 192.168.89.16 | 11:203 | ea0da1bd-bbf4-4a2b-a6ec-893a03d87ff8 | jingpai |  [Get] Done, clientId: 4b213f10-39c2-46f9-b1f4-fb50c75d40bf, objects: 1, transferPath: UB, totalCost: exceed 3ms: {worker SafeObject WLock: 6 ms; ProcessGetObjectRequest: 6 ms; }
