worker_192.168.219.74/datasystem_worker.INFO.20260508023953_612.log.gz:1335147:2026-05-08T02:39:36.180491 | I | worker_oc_service_get_impl.cpp:130 | 192.168.219.74 | 11:293 | 35716b1d-8c97-47ad-bd67-b001a695b13f | jingpai |  [Get] Receive, clientId: 347d4d12-b1ac-45d3-8771-cb6882ea7ae9, serverApiReadCost: 0.009ms, inflightRemoteGet: 0
worker_192.168.219.74/datasystem_worker.INFO.20260508023953_612.log.gz:1335148:2026-05-08T02:39:36.180508 | I | worker_oc_service_get_impl.cpp:165 | 192.168.219.74 | 11:207 | 35716b1d-8c97-47ad-bd67-b001a695b13f | jingpai |  [Get] Receive, clientId: 347d4d12-b1ac-45d3-8771-cb6882ea7ae9, objects: kv_test_11_0_162554536893410_0, threadPool: idle(9),total(14),wait(0), elapsed: 0.000ms, remainingTime: 16.000ms
worker_192.168.219.74/datasystem_worker.INFO.20260508023953_612.log.gz:1335312:2026-05-08T02:39:36.186359 | I | worker_oc_service_get_impl.cpp:194 | 192.168.219.74 | 11:207 | 35716b1d-8c97-47ad-bd67-b001a695b13f | jingpai |  [Get] Done, clientId: 347d4d12-b1ac-45d3-8771-cb6882ea7ae9, objects: 1, transferPath: UB, totalCost: exceed 3ms: {ProcessGetObjectRequest: 5 ms; }
