worker_192.168.219.74/datasystem_worker.INFO.log:296817:2026-05-08T02:45:54.192552 | I | worker_worker_oc_service_impl.cpp:693 | 192.168.219.74 | 11:417 | 102285ab-0d7d-4e4c-a87f-eb7aa242875f | jingpai |  [Get/RemotePull] Receive, count: 1, remainingTime: 13ms, src=192.168.42.81:31402, dst=192.168.219.74:31402
worker_192.168.219.74/datasystem_worker.INFO.log:296818:2026-05-08T02:45:54.192559 | I | worker_worker_oc_service_impl.cpp:196 | 192.168.219.74 | 11:417 | 102285ab-0d7d-4e4c-a87f-eb7aa242875f | jingpai |  Processing pull object[kv_test_53_10_162900417276050_0] offset[0] size[8388608], src=192.168.42.81:31402, dst=192.168.219.74:31402
worker_192.168.219.74/datasystem_worker.INFO.log:296821:2026-05-08T02:45:54.192571 | I | urma_manager.cpp:1297 | 192.168.219.74 | 11:417 | 102285ab-0d7d-4e4c-a87f-eb7aa242875f | jingpai |  URMA write useNumaAffinity:1, src:1, dst:2, jetty id:1027, urma_inflight_wr_count:5
worker_192.168.235.146/datasystem_worker.INFO.20260508024609_208.log.gz:1382582:2026-05-08T02:45:54.742119 | I | master_oc_service_impl.cpp:261 | 192.168.235.146 | 11:284 | 102285ab-0d7d-4e4c-a87f-eb7aa242875f | jingpai |  Processing QueryMetaReq, requestId: 2a8fbf47-16c4-43f7-9b71-c3f9008e07a3
worker_192.168.235.146/datasystem_worker.INFO.20260508024609_208.log.gz:1382583:2026-05-08T02:45:54.742132 | I | master_oc_service_impl.cpp:270 | 192.168.235.146 | 11:284 | 102285ab-0d7d-4e4c-a87f-eb7aa242875f | jingpai |  QueryMeta on master 192.168.42.81:31402, target num 1, success num 1. The operations of master QueryMeta exceed 3ms: {}
worker_192.168.42.81/datasystem_worker.INFO.log:756830:2026-05-08T02:45:18.570165 | I | worker_oc_service_get_impl.cpp:130 | 192.168.42.81 | 11:296 | 102285ab-0d7d-4e4c-a87f-eb7aa242875f | jingpai |  [Get] Receive, clientId: e3b88b61-370c-4420-8435-8cad2e3bc140, serverApiReadCost: 0.004ms, inflightRemoteGet: 1
worker_192.168.42.81/datasystem_worker.INFO.log:756831:2026-05-08T02:45:18.570180 | I | worker_oc_service_get_impl.cpp:165 | 192.168.42.81 | 11:397 | 102285ab-0d7d-4e4c-a87f-eb7aa242875f | jingpai |  [Get] Receive, clientId: e3b88b61-370c-4420-8435-8cad2e3bc140, objects: kv_test_53_10_162900417276050_0, threadPool: idle(17),total(19),wait(0), elapsed: 0.000ms, remainingTime: 16.000ms
worker_192.168.42.81/datasystem_worker.INFO.log:756832:2026-05-08T02:45:18.570198 | I | worker_oc_service_get_impl.cpp:1752 | 192.168.42.81 | 11:397 | 102285ab-0d7d-4e4c-a87f-eb7aa242875f | jingpai |  Query metadata from master: 192.168.235.146:31402, objects: kv_test_53_10_162900417276050_0, request id: 2a8fbf47-16c4-43f7-9b71-c3f9008e07a3, remainingTime:14ms
worker_192.168.42.81/datasystem_worker.INFO.log:756834:2026-05-08T02:45:18.570480 | I | worker_oc_service_get_impl.cpp:780 | 192.168.42.81 | 11:397 | 102285ab-0d7d-4e4c-a87f-eb7aa242875f | jingpai |  [Get] Master query done, targets: 1, hits: 1, cost: 0.289ms
worker_192.168.42.81/datasystem_worker.INFO.log:756836:2026-05-08T02:45:18.570497 | I | worker_oc_service_batch_get_impl.cpp:607 | 192.168.42.81 | 11:397 | 102285ab-0d7d-4e4c-a87f-eb7aa242875f | jingpai |  [Get] Remote pull, count: 1, path: UB, src=192.168.42.81:31402, dst=192.168.219.74:31402
worker_192.168.42.81/datasystem_worker.INFO.log:756939:2026-05-08T02:45:18.576214 | I | zmq_constants.h:204 | 192.168.42.81 | 11:397 | 102285ab-0d7d-4e4c-a87f-eb7aa242875f | jingpai |  [ZMQ_RPC_FRAMEWORK_SLOW] trace_id=102285ab-0d7d-4e4c-a87f-eb7aa242875f framework_us=5248 e2e_us=5702 client_req_framework_us=16 remote_processing_us=5677 client_rsp_framework_us=8 server_req_queue_us=47 server_exec_us=453 server_rsp_queue_us=2868 network_residual_us=2307
worker_192.168.42.81/datasystem_worker.INFO.log:756941:2026-05-08T02:45:18.576260 | I | worker_oc_service_get_impl.cpp:194 | 192.168.42.81 | 11:397 | 102285ab-0d7d-4e4c-a87f-eb7aa242875f | jingpai |  [Get] Done, clientId: e3b88b61-370c-4420-8435-8cad2e3bc140, objects: 1, transferPath: UB, totalCost: exceed 3ms: {ProcessGetObjectRequest: 6 ms; }
