worker_192.168.182.18/datasystem_worker.INFO.20260508024006_068.log.gz:1125022:2026-05-08T02:39:36.708894 | I | master_oc_service_impl.cpp:123 | 192.168.182.18 | 11:273 | c818ac95-8a7b-4826-9ed5-c644b4190b2f | jingpai |  Processing CreateMetaReq, redirect: 1, src=192.168.219.74:31402, dst=192.168.182.18:31402
worker_192.168.219.74/datasystem_worker.INFO.20260508023953_612.log.gz:1335500:2026-05-08T02:39:36.196192 | I | worker_oc_service_create_impl.cpp:56 | 192.168.219.74 | 11:294 | c818ac95-8a7b-4826-9ed5-c644b4190b2f | jingpai |  Receive create meta request, clientId: 202195ca-a414-4f90-a5e2-bc1782d343a9, objectKey: kv_test_53_7_162522429729100_0, size: 8388608
worker_192.168.219.74/datasystem_worker.INFO.20260508023953_612.log.gz:1335501:2026-05-08T02:39:36.196197 | I | worker_oc_eviction_manager.cpp:421 | 192.168.219.74 | 11:294 | c818ac95-8a7b-4826-9ed5-c644b4190b2f | jingpai |  Eviction start.
worker_192.168.219.74/datasystem_worker.INFO.20260508023953_612.log.gz:1335502:2026-05-08T02:39:36.196208 | I | worker_oc_eviction_manager.cpp:292 | 192.168.219.74 | 11:239 | c818ac95-8a7b-4826-9ed5-c644b4190b2f | jingpai |  EvictionList size before evict: 1219
worker_192.168.219.74/datasystem_worker.INFO.20260508023953_612.log.gz:1335503:2026-05-08T02:39:36.196218 | I | worker_oc_service_create_impl.cpp:79 | 192.168.219.74 | 11:294 | c818ac95-8a7b-4826-9ed5-c644b4190b2f | jingpai |  [Client 202195ca-a414-4f90-a5e2-bc1782d343a9] [ObjectKey kv_test_53_7_162522429729100_0] The operations of worker Create exceed 3ms: {}
worker_192.168.219.74/datasystem_worker.INFO.20260508023953_612.log.gz:1335518:2026-05-08T02:39:36.196901 | I | worker_oc_service_publish_impl.cpp:359 | 192.168.219.74 | 11:293 | c818ac95-8a7b-4826-9ed5-c644b4190b2f | jingpai |  [ObjectKey kv_test_53_7_162522429729100_0] is being publishing [Sz: 8388608].
worker_192.168.219.74/datasystem_worker.INFO.20260508023953_612.log.gz:1335519:2026-05-08T02:39:36.196914 | I | worker_oc_service_publish_impl.cpp:134 | 192.168.219.74 | 11:293 | c818ac95-8a7b-4826-9ed5-c644b4190b2f | jingpai |  Create meta to master[192.168.182.18:31402], src=192.168.219.74:31402, dst=192.168.182.18:31402
worker_192.168.219.74/datasystem_worker.INFO.20260508023953_612.log.gz:1335560:2026-05-08T02:39:36.198975 | I | worker_oc_eviction_manager.cpp:344 | 192.168.219.74 | 11:239 | c818ac95-8a7b-4826-9ed5-c644b4190b2f | jingpai |  EvictionList size after evict:1219, failed size:1219
worker_192.168.219.74/datasystem_worker.INFO.20260508023953_612.log.gz:1335604:2026-05-08T02:39:36.201994 | I | zmq_constants.h:204 | 192.168.219.74 | 11:293 | c818ac95-8a7b-4826-9ed5-c644b4190b2f | jingpai |  [ZMQ_RPC_FRAMEWORK_SLOW] trace_id=c818ac95-8a7b-4826-9ed5-c644b4190b2f framework_us=5045 e2e_us=5067 client_req_framework_us=11 remote_processing_us=5047 client_rsp_framework_us=8 server_req_queue_us=22 server_exec_us=22 server_rsp_queue_us=19 network_residual_us=4982
worker_192.168.219.74/datasystem_worker.INFO.20260508023953_612.log.gz:1335605:2026-05-08T02:39:36.202006 | I | worker_oc_service_publish_impl.cpp:401 | 192.168.219.74 | 11:293 | c818ac95-8a7b-4826-9ed5-c644b4190b2f | jingpai |  Put success
worker_192.168.219.74/datasystem_worker.INFO.20260508023953_612.log.gz:1335606:2026-05-08T02:39:36.202015 | I | worker_oc_service_publish_impl.cpp:427 | 192.168.219.74 | 11:293 | c818ac95-8a7b-4826-9ed5-c644b4190b2f | jingpai |  The operations of worker Publish exceed 3ms: {Worker to master rpc CreateMeta: 5 ms; Total Publish: 5 ms; }
