worker_192.168.219.74/datasystem_worker.INFO.20260508024249_298.log.gz:108380:2026-05-08T02:41:54.111600 | I | worker_oc_service_get_impl.cpp:130 | 192.168.219.74 | 11:295 | f470b1fb-8b66-4b31-8809-3262e2c39452 | jingpai |  [Get] Receive, clientId: 0fe94339-5197-4982-98b7-dcf677c5d061, serverApiReadCost: 0.004ms, inflightRemoteGet: 0
worker_192.168.219.74/datasystem_worker.INFO.20260508024249_298.log.gz:108392:2026-05-08T02:41:54.111665 | I | worker_oc_service_get_impl.cpp:165 | 192.168.219.74 | 11:446 | f470b1fb-8b66-4b31-8809-3262e2c39452 | jingpai |  [Get] Receive, clientId: 0fe94339-5197-4982-98b7-dcf677c5d061, objects: kv_test_1_3_162724269291130_0, threadPool: idle(28),total(32),wait(0), elapsed: 0.000ms, remainingTime: 16.000ms
worker_192.168.219.74/datasystem_worker.INFO.20260508024249_298.log.gz:108566:2026-05-08T02:41:54.117665 | I | worker_oc_service_get_impl.cpp:194 | 192.168.219.74 | 11:446 | f470b1fb-8b66-4b31-8809-3262e2c39452 | jingpai |  [Get] Done, clientId: 0fe94339-5197-4982-98b7-dcf677c5d061, objects: 1, transferPath: UB, totalCost: exceed 3ms: {ProcessGetObjectRequest: 6 ms; }
