worker_192.168.219.74/datasystem_worker.INFO.log:296781:2026-05-08T02:45:54.189730 | I | worker_worker_oc_service_impl.cpp:693 | 192.168.219.74 | 11:413 | 159d3db6-bbaf-424f-92e9-94819b06df31 | jingpai |  [Get/RemotePull] Receive, count: 1, remainingTime: 13ms, src=192.168.42.81:31402, dst=192.168.219.74:31402
worker_192.168.219.74/datasystem_worker.INFO.log:296782:2026-05-08T02:45:54.189739 | I | worker_worker_oc_service_impl.cpp:196 | 192.168.219.74 | 11:413 | 159d3db6-bbaf-424f-92e9-94819b06df31 | jingpai |  Processing pull object[kv_test_53_4_162900415690440_0] offset[0] size[8388608], src=192.168.42.81:31402, dst=192.168.219.74:31402
worker_192.168.219.74/datasystem_worker.INFO.log:296784:2026-05-08T02:45:54.189756 | I | urma_manager.cpp:1297 | 192.168.219.74 | 11:413 | 159d3db6-bbaf-424f-92e9-94819b06df31 | jingpai |  URMA write useNumaAffinity:1, src:2, dst:1, jetty id:1027, urma_inflight_wr_count:4
worker_192.168.42.81/datasystem_worker.INFO.log:756812:2026-05-08T02:45:18.569156 | I | worker_oc_service_get_impl.cpp:130 | 192.168.42.81 | 11:290 | 159d3db6-bbaf-424f-92e9-94819b06df31 | jingpai |  [Get] Receive, clientId: 89f13a10-fc62-497a-bb27-acc078e2547b, serverApiReadCost: 0.005ms, inflightRemoteGet: 2
worker_192.168.42.81/datasystem_worker.INFO.log:756813:2026-05-08T02:45:18.569171 | I | worker_oc_service_get_impl.cpp:165 | 192.168.42.81 | 11:204 | 159d3db6-bbaf-424f-92e9-94819b06df31 | jingpai |  [Get] Receive, clientId: 89f13a10-fc62-497a-bb27-acc078e2547b, objects: kv_test_53_4_162900415690440_0, threadPool: idle(16),total(19),wait(0), elapsed: 0.000ms, remainingTime: 16.000ms
worker_192.168.42.81/datasystem_worker.INFO.log:756814:2026-05-08T02:45:18.569187 | I | worker_oc_service_get_impl.cpp:1752 | 192.168.42.81 | 11:204 | 159d3db6-bbaf-424f-92e9-94819b06df31 | jingpai |  Query metadata from master: 192.168.42.81:31402, objects: kv_test_53_4_162900415690440_0, request id: be8b66b3-0337-49b6-b24c-c65829693112, remainingTime:14ms
worker_192.168.42.81/datasystem_worker.INFO.log:756815:2026-05-08T02:45:18.569192 | I | master_oc_service_impl.cpp:261 | 192.168.42.81 | 11:204 | 159d3db6-bbaf-424f-92e9-94819b06df31 | jingpai |  Processing QueryMetaReq, requestId: be8b66b3-0337-49b6-b24c-c65829693112
worker_192.168.42.81/datasystem_worker.INFO.log:756817:2026-05-08T02:45:18.569204 | I | master_oc_service_impl.cpp:270 | 192.168.42.81 | 11:204 | 159d3db6-bbaf-424f-92e9-94819b06df31 | jingpai |  QueryMeta on master 192.168.42.81:31402, target num 1, success num 1. The operations of master QueryMeta exceed 3ms: {}
worker_192.168.42.81/datasystem_worker.INFO.log:756819:2026-05-08T02:45:18.569212 | I | worker_oc_service_get_impl.cpp:780 | 192.168.42.81 | 11:204 | 159d3db6-bbaf-424f-92e9-94819b06df31 | jingpai |  [Get] Master query done, targets: 1, hits: 1, cost: 0.033ms
worker_192.168.42.81/datasystem_worker.INFO.log:756822:2026-05-08T02:45:18.569228 | I | worker_oc_service_batch_get_impl.cpp:607 | 192.168.42.81 | 11:204 | 159d3db6-bbaf-424f-92e9-94819b06df31 | jingpai |  [Get] Remote pull, count: 1, path: UB, src=192.168.42.81:31402, dst=192.168.219.74:31402
worker_192.168.42.81/datasystem_worker.INFO.log:756930:2026-05-08T02:45:18.575612 | I | zmq_constants.h:204 | 192.168.42.81 | 11:204 | 159d3db6-bbaf-424f-92e9-94819b06df31 | jingpai |  [ZMQ_RPC_FRAMEWORK_SLOW] trace_id=159d3db6-bbaf-424f-92e9-94819b06df31 framework_us=5834 e2e_us=6366 client_req_framework_us=17 remote_processing_us=6340 client_rsp_framework_us=8 server_req_queue_us=50 server_exec_us=532 server_rsp_queue_us=5076 network_residual_us=681
worker_192.168.42.81/datasystem_worker.INFO.log:756933:2026-05-08T02:45:18.575656 | I | worker_oc_service_get_impl.cpp:194 | 192.168.42.81 | 11:204 | 159d3db6-bbaf-424f-92e9-94819b06df31 | jingpai |  [Get] Done, clientId: 89f13a10-fc62-497a-bb27-acc078e2547b, objects: 1, transferPath: UB, totalCost: exceed 3ms: {ProcessGetObjectRequest: 6 ms; }
