worker_192.168.215.12/datasystem_worker.INFO.20260508024617_614.log.gz:1222907:2026-05-08T02:45:54.266780 | I | worker_oc_service_get_impl.cpp:130 | 192.168.215.12 | 11:291 | f0d5f5b9-996c-425a-843c-dab8a87da7a0 | jingpai |  [Get] Receive, clientId: a979b85c-64f9-4426-9e71-8b771cccdeb8, serverApiReadCost: 0.004ms, inflightRemoteGet: 1
worker_192.168.215.12/datasystem_worker.INFO.20260508024617_614.log.gz:1222909:2026-05-08T02:45:54.266797 | I | worker_oc_service_get_impl.cpp:165 | 192.168.215.12 | 11:409 | f0d5f5b9-996c-425a-843c-dab8a87da7a0 | jingpai |  [Get] Receive, clientId: a979b85c-64f9-4426-9e71-8b771cccdeb8, objects: kv_test_53_4_162900415690440_0, threadPool: idle(17),total(19),wait(0), elapsed: 0.000ms, remainingTime: 16.000ms
worker_192.168.215.12/datasystem_worker.INFO.20260508024617_614.log.gz:1223018:2026-05-08T02:45:54.273356 | I | worker_oc_service_get_impl.cpp:194 | 192.168.215.12 | 11:409 | f0d5f5b9-996c-425a-843c-dab8a87da7a0 | jingpai |  [Get] Done, clientId: a979b85c-64f9-4426-9e71-8b771cccdeb8, objects: 1, transferPath: UB, totalCost: exceed 3ms: {ProcessGetObjectRequest: 6 ms; }
