worker_192.168.219.74/datasystem_worker.INFO.log:296398:2026-05-08T02:45:54.184009 | I | worker_oc_service_get_impl.cpp:130 | 192.168.219.74 | 11:289 | 7c070af1-96ae-49a0-8492-ba93a099803a | jingpai |  [Get] Receive, clientId: 0e18edfd-5bc3-4f07-90fc-9cd47191b985, serverApiReadCost: 0.022ms, inflightRemoteGet: 1
worker_192.168.219.74/datasystem_worker.INFO.log:296404:2026-05-08T02:45:54.184055 | I | worker_oc_service_get_impl.cpp:165 | 192.168.219.74 | 11:408 | 7c070af1-96ae-49a0-8492-ba93a099803a | jingpai |  [Get] Receive, clientId: 0e18edfd-5bc3-4f07-90fc-9cd47191b985, objects: kv_test_2_0_162938199450620_0, threadPool: idle(23),total(32),wait(2), elapsed: 0.000ms, remainingTime: 16.000ms
worker_192.168.219.74/datasystem_worker.INFO.log:296618:2026-05-08T02:45:54.187239 | I | worker_oc_service_get_impl.cpp:194 | 192.168.219.74 | 11:408 | 7c070af1-96ae-49a0-8492-ba93a099803a | jingpai |  [Get] Done, clientId: 0e18edfd-5bc3-4f07-90fc-9cd47191b985, objects: 1, transferPath: UB, totalCost: exceed 3ms: {ProcessGetObjectRequest: 3 ms; }
