worker_192.168.102.84/datasystem_worker.INFO.20260508024036_606.log.gz:42035:2026-05-08T02:38:25.923241 | I | master_oc_service_impl.cpp:123 | 192.168.102.84 | 11:287 | dff71613-a0d0-4f00-b1c5-16626d8f2c89 | jingpai |  Processing CreateMetaReq, redirect: 1, src=192.168.219.74:31402, dst=192.168.102.84:31402
worker_192.168.219.74/datasystem_worker.INFO.20260508023953_612.log.gz:94314:2026-05-08T02:38:25.649831 | I | worker_oc_service_create_impl.cpp:56 | 192.168.219.74 | 11:291 | dff71613-a0d0-4f00-b1c5-16626d8f2c89 | jingpai |  Receive create meta request, clientId: 202195ca-a414-4f90-a5e2-bc1782d343a9, objectKey: kv_test_53_14_162451882620270_0, size: 8388608
worker_192.168.219.74/datasystem_worker.INFO.20260508023953_612.log.gz:94315:2026-05-08T02:38:25.649938 | I | worker_oc_service_create_impl.cpp:79 | 192.168.219.74 | 11:291 | dff71613-a0d0-4f00-b1c5-16626d8f2c89 | jingpai |  [Client 202195ca-a414-4f90-a5e2-bc1782d343a9] [ObjectKey kv_test_53_14_162451882620270_0] The operations of worker Create exceed 3ms: {}
worker_192.168.219.74/datasystem_worker.INFO.20260508023953_612.log.gz:94350:2026-05-08T02:38:25.654973 | I | worker_oc_service_publish_impl.cpp:359 | 192.168.219.74 | 11:290 | dff71613-a0d0-4f00-b1c5-16626d8f2c89 | jingpai |  [ObjectKey kv_test_53_14_162451882620270_0] is being publishing [Sz: 8388608].
worker_192.168.219.74/datasystem_worker.INFO.20260508023953_612.log.gz:94351:2026-05-08T02:38:25.655012 | I | worker_oc_service_publish_impl.cpp:134 | 192.168.219.74 | 11:290 | dff71613-a0d0-4f00-b1c5-16626d8f2c89 | jingpai |  Create meta to master[192.168.102.84:31402], src=192.168.219.74:31402, dst=192.168.102.84:31402
worker_192.168.219.74/datasystem_worker.INFO.20260508023953_612.log.gz:94358:2026-05-08T02:38:25.655391 | I | worker_oc_service_publish_impl.cpp:401 | 192.168.219.74 | 11:290 | dff71613-a0d0-4f00-b1c5-16626d8f2c89 | jingpai |  Put success
worker_192.168.219.74/datasystem_worker.INFO.20260508023953_612.log.gz:94359:2026-05-08T02:38:25.655402 | I | worker_oc_service_publish_impl.cpp:427 | 192.168.219.74 | 11:290 | dff71613-a0d0-4f00-b1c5-16626d8f2c89 | jingpai |  The operations of worker Publish exceed 3ms: {}
