worker_192.168.182.18/datasystem_worker.INFO.20260508024006_068.log.gz:1124984:2026-05-08T02:39:36.706043 | I | master_oc_service_impl.cpp:123 | 192.168.182.18 | 11:273 | b944e27c-7420-4a8c-b03b-5eac58d2d133 | jingpai |  Processing CreateMetaReq, redirect: 1, src=192.168.219.74:31402, dst=192.168.182.18:31402
worker_192.168.219.74/datasystem_worker.INFO.20260508023953_612.log.gz:1335448:2026-05-08T02:39:36.192416 | I | worker_oc_service_create_impl.cpp:56 | 192.168.219.74 | 11:292 | b944e27c-7420-4a8c-b03b-5eac58d2d133 | jingpai |  Receive create meta request, clientId: 0fe94339-5197-4982-98b7-dcf677c5d061, objectKey: kv_test_23_2_162522425772070_0, size: 8388608
worker_192.168.219.74/datasystem_worker.INFO.20260508023953_612.log.gz:1335449:2026-05-08T02:39:36.192422 | I | worker_oc_eviction_manager.cpp:421 | 192.168.219.74 | 11:292 | b944e27c-7420-4a8c-b03b-5eac58d2d133 | jingpai |  Eviction start.
worker_192.168.219.74/datasystem_worker.INFO.20260508023953_612.log.gz:1335450:2026-05-08T02:39:36.192437 | I | worker_oc_eviction_manager.cpp:292 | 192.168.219.74 | 11:239 | b944e27c-7420-4a8c-b03b-5eac58d2d133 | jingpai |  EvictionList size before evict: 1225
worker_192.168.219.74/datasystem_worker.INFO.20260508023953_612.log.gz:1335451:2026-05-08T02:39:36.192448 | I | worker_oc_service_create_impl.cpp:79 | 192.168.219.74 | 11:292 | b944e27c-7420-4a8c-b03b-5eac58d2d133 | jingpai |  [Client 0fe94339-5197-4982-98b7-dcf677c5d061] [ObjectKey kv_test_23_2_162522425772070_0] The operations of worker Create exceed 3ms: {}
worker_192.168.219.74/datasystem_worker.INFO.20260508023953_612.log.gz:1335464:2026-05-08T02:39:36.193240 | I | worker_oc_service_publish_impl.cpp:359 | 192.168.219.74 | 11:296 | b944e27c-7420-4a8c-b03b-5eac58d2d133 | jingpai |  [ObjectKey kv_test_23_2_162522425772070_0] is being publishing [Sz: 8388608].
worker_192.168.219.74/datasystem_worker.INFO.20260508023953_612.log.gz:1335465:2026-05-08T02:39:36.193256 | I | worker_oc_service_publish_impl.cpp:134 | 192.168.219.74 | 11:296 | b944e27c-7420-4a8c-b03b-5eac58d2d133 | jingpai |  Create meta to master[192.168.182.18:31402], src=192.168.219.74:31402, dst=192.168.182.18:31402
worker_192.168.219.74/datasystem_worker.INFO.20260508023953_612.log.gz:1335488:2026-05-08T02:39:36.195121 | I | worker_oc_eviction_manager.cpp:344 | 192.168.219.74 | 11:239 | b944e27c-7420-4a8c-b03b-5eac58d2d133 | jingpai |  EvictionList size after evict:1219, failed size:1219
worker_192.168.219.74/datasystem_worker.INFO.20260508023953_612.log.gz:1335561:2026-05-08T02:39:36.199153 | I | zmq_constants.h:204 | 192.168.219.74 | 11:296 | b944e27c-7420-4a8c-b03b-5eac58d2d133 | jingpai |  [ZMQ_RPC_FRAMEWORK_SLOW] trace_id=b944e27c-7420-4a8c-b03b-5eac58d2d133 framework_us=5854 e2e_us=5881 client_req_framework_us=16 remote_processing_us=5854 client_rsp_framework_us=10 server_req_queue_us=18 server_exec_us=27 server_rsp_queue_us=18 network_residual_us=5789
worker_192.168.219.74/datasystem_worker.INFO.20260508023953_612.log.gz:1335562:2026-05-08T02:39:36.199169 | I | worker_oc_service_publish_impl.cpp:401 | 192.168.219.74 | 11:296 | b944e27c-7420-4a8c-b03b-5eac58d2d133 | jingpai |  Put success
worker_192.168.219.74/datasystem_worker.INFO.20260508023953_612.log.gz:1335563:2026-05-08T02:39:36.199179 | I | worker_oc_service_publish_impl.cpp:427 | 192.168.219.74 | 11:296 | b944e27c-7420-4a8c-b03b-5eac58d2d133 | jingpai |  The operations of worker Publish exceed 3ms: {Worker to master rpc CreateMeta: 5 ms; Total Publish: 5 ms; }
