worker_192.168.219.74/datasystem_worker.INFO.20260508023953_612.log.gz:94313:2026-05-08T02:38:25.649815 | I | master_oc_service_impl.cpp:123 | 192.168.219.74 | 11:286 | 53dc835a-d465-4b53-9729-5425997b3217 | jingpai |  Processing CreateMetaReq, redirect: 1, src=192.168.35.20:31402, dst=192.168.219.74:31402
worker_192.168.35.20/datasystem_worker.INFO.20260508024010_921.log.gz:153795:2026-05-08T02:38:26.086166 | I | worker_oc_service_create_impl.cpp:56 | 192.168.35.20 | 11:296 | 53dc835a-d465-4b53-9729-5425997b3217 | jingpai |  Receive create meta request, clientId: 3f5bf1c6-be91-4c48-a81e-aecfbee66216, objectKey: kv_test_14_6_162483772013490_0, size: 8388608
worker_192.168.35.20/datasystem_worker.INFO.20260508024010_921.log.gz:153796:2026-05-08T02:38:26.086198 | I | worker_oc_service_create_impl.cpp:79 | 192.168.35.20 | 11:296 | 53dc835a-d465-4b53-9729-5425997b3217 | jingpai |  [Client 3f5bf1c6-be91-4c48-a81e-aecfbee66216] [ObjectKey kv_test_14_6_162483772013490_0] The operations of worker Create exceed 3ms: {}
worker_192.168.35.20/datasystem_worker.INFO.20260508024010_921.log.gz:153799:2026-05-08T02:38:26.086640 | I | worker_oc_service_publish_impl.cpp:359 | 192.168.35.20 | 11:291 | 53dc835a-d465-4b53-9729-5425997b3217 | jingpai |  [ObjectKey kv_test_14_6_162483772013490_0] is being publishing [Sz: 8388608].
worker_192.168.35.20/datasystem_worker.INFO.20260508024010_921.log.gz:153801:2026-05-08T02:38:26.086663 | I | worker_oc_service_publish_impl.cpp:134 | 192.168.35.20 | 11:291 | 53dc835a-d465-4b53-9729-5425997b3217 | jingpai |  Create meta to master[192.168.219.74:31402], src=192.168.35.20:31402, dst=192.168.219.74:31402
worker_192.168.35.20/datasystem_worker.INFO.20260508024010_921.log.gz:153851:2026-05-08T02:38:26.093349 | I | zmq_constants.h:204 | 192.168.35.20 | 11:291 | 53dc835a-d465-4b53-9729-5425997b3217 | jingpai |  [ZMQ_RPC_FRAMEWORK_SLOW] trace_id=53dc835a-d465-4b53-9729-5425997b3217 framework_us=6568 e2e_us=6668 client_req_framework_us=15 remote_processing_us=6642 client_rsp_framework_us=9 server_req_queue_us=108 server_exec_us=99 server_rsp_queue_us=3891 network_residual_us=2543
worker_192.168.35.20/datasystem_worker.INFO.20260508024010_921.log.gz:153852:2026-05-08T02:38:26.093364 | I | worker_oc_service_publish_impl.cpp:401 | 192.168.35.20 | 11:291 | 53dc835a-d465-4b53-9729-5425997b3217 | jingpai |  Put success
worker_192.168.35.20/datasystem_worker.INFO.20260508024010_921.log.gz:153853:2026-05-08T02:38:26.093375 | I | worker_oc_service_publish_impl.cpp:427 | 192.168.35.20 | 11:291 | 53dc835a-d465-4b53-9729-5425997b3217 | jingpai |  The operations of worker Publish exceed 3ms: {Worker to master rpc CreateMeta: 6 ms; Total Publish: 6 ms; }
