worker_192.168.235.146/datasystem_worker.INFO.20260508024609_208.log.gz:32731:2026-05-08T02:44:42.162433 | I | master_oc_service_impl.cpp:261 | 192.168.235.146 | 11:286 | 6585e964-d1e8-4645-b38c-56689d294f5f | jingpai |  Processing QueryMetaReq, requestId: 4bf7a4f6-7192-4ed8-8d45-fb799204a798
worker_192.168.235.146/datasystem_worker.INFO.20260508024609_208.log.gz:32732:2026-05-08T02:44:42.162442 | I | master_oc_service_impl.cpp:270 | 192.168.235.146 | 11:286 | 6585e964-d1e8-4645-b38c-56689d294f5f | jingpai |  QueryMeta on master 192.168.52.203:31402, target num 1, success num 1. The operations of master QueryMeta exceed 3ms: {}
worker_192.168.35.20/datasystem_worker.INFO.20260508024608_722.log.gz:47427:2026-05-08T02:44:42.051681 | I | worker_worker_oc_service_impl.cpp:693 | 192.168.35.20 | 11:401 | 6585e964-d1e8-4645-b38c-56689d294f5f | jingpai |  [Get/RemotePull] Receive, count: 1, remainingTime: 13ms, src=192.168.52.203:31402, dst=192.168.35.20:31402
worker_192.168.35.20/datasystem_worker.INFO.20260508024608_722.log.gz:47428:2026-05-08T02:44:42.051687 | I | worker_worker_oc_service_impl.cpp:196 | 192.168.35.20 | 11:401 | 6585e964-d1e8-4645-b38c-56689d294f5f | jingpai |  Processing pull object[kv_test_14_4_162859735630030_0] offset[0] size[8388608], src=192.168.52.203:31402, dst=192.168.35.20:31402
worker_192.168.35.20/datasystem_worker.INFO.20260508024608_722.log.gz:47429:2026-05-08T02:44:42.051698 | I | urma_manager.cpp:1297 | 192.168.35.20 | 11:401 | 6585e964-d1e8-4645-b38c-56689d294f5f | jingpai |  URMA write useNumaAffinity:1, src:2, dst:2, jetty id:1119, urma_inflight_wr_count:3
worker_192.168.52.203/datasystem_worker.INFO.20260508024442_709.log.gz:1651116:2026-05-08T02:44:42.342626 | I | worker_oc_service_get_impl.cpp:130 | 192.168.52.203 | 11:289 | 6585e964-d1e8-4645-b38c-56689d294f5f | jingpai |  [Get] Receive, clientId: a862c102-ebcb-4020-a89d-df4c30ee470f, serverApiReadCost: 0.005ms, inflightRemoteGet: 2
worker_192.168.52.203/datasystem_worker.INFO.20260508024442_709.log.gz:1651118:2026-05-08T02:44:42.342644 | I | worker_oc_service_get_impl.cpp:165 | 192.168.52.203 | 11:204 | 6585e964-d1e8-4645-b38c-56689d294f5f | jingpai |  [Get] Receive, clientId: a862c102-ebcb-4020-a89d-df4c30ee470f, objects: kv_test_14_4_162859735630030_0, threadPool: idle(13),total(19),wait(0), elapsed: 0.000ms, remainingTime: 16.000ms
worker_192.168.52.203/datasystem_worker.INFO.20260508024442_709.log.gz:1651120:2026-05-08T02:44:42.342661 | I | worker_oc_service_get_impl.cpp:1752 | 192.168.52.203 | 11:204 | 6585e964-d1e8-4645-b38c-56689d294f5f | jingpai |  Query metadata from master: 192.168.235.146:31402, objects: kv_test_14_4_162859735630030_0, request id: 4bf7a4f6-7192-4ed8-8d45-fb799204a798, remainingTime:14ms
worker_192.168.52.203/datasystem_worker.INFO.20260508024442_709.log.gz:1651124:2026-05-08T02:44:42.342930 | I | worker_oc_service_get_impl.cpp:780 | 192.168.52.203 | 11:204 | 6585e964-d1e8-4645-b38c-56689d294f5f | jingpai |  [Get] Master query done, targets: 1, hits: 1, cost: 0.277ms
worker_192.168.52.203/datasystem_worker.INFO.20260508024442_709.log.gz:1651125:2026-05-08T02:44:42.342949 | I | worker_oc_service_batch_get_impl.cpp:607 | 192.168.52.203 | 11:204 | 6585e964-d1e8-4645-b38c-56689d294f5f | jingpai |  [Get] Remote pull, count: 1, path: UB, src=192.168.52.203:31402, dst=192.168.35.20:31402
worker_192.168.52.203/datasystem_worker.INFO.20260508024442_709.log.gz:1651131:2026-05-08T02:44:42.343649 | I | worker_oc_service_get_impl.cpp:194 | 192.168.52.203 | 11:204 | 6585e964-d1e8-4645-b38c-56689d294f5f | jingpai |  [Get] Done, clientId: a862c102-ebcb-4020-a89d-df4c30ee470f, objects: 1, transferPath: UB, totalCost: exceed 3ms: {}
