worker_192.168.182.18/datasystem_worker.INFO.20260508024433_476.log.gz:291136:2026-05-08T02:43:20.144711 | I | master_oc_service_impl.cpp:123 | 192.168.182.18 | 11:273 | 31b00e71-ae4d-43eb-a8da-43c8162bcd25 | jingpai |  Processing CreateMetaReq, redirect: 1, src=192.168.45.207:31402, dst=192.168.182.18:31402
worker_192.168.45.207/datasystem_worker.INFO.20260508024329_482.log.gz:1484453:2026-05-08T02:43:20.169719 | I | worker_oc_service_create_impl.cpp:56 | 192.168.45.207 | 11:294 | 31b00e71-ae4d-43eb-a8da-43c8162bcd25 | jingpai |  Receive create meta request, clientId: ea4c7528-2398-4743-bb3a-c7260bc08778, objectKey: kv_test_9_5_162776410120550_0, size: 8388608
worker_192.168.45.207/datasystem_worker.INFO.20260508024329_482.log.gz:1484457:2026-05-08T02:43:20.169742 | I | worker_oc_service_create_impl.cpp:79 | 192.168.45.207 | 11:294 | 31b00e71-ae4d-43eb-a8da-43c8162bcd25 | jingpai |  [Client ea4c7528-2398-4743-bb3a-c7260bc08778] [ObjectKey kv_test_9_5_162776410120550_0] The operations of worker Create exceed 3ms: {}
worker_192.168.45.207/datasystem_worker.INFO.20260508024329_482.log.gz:1484472:2026-05-08T02:43:20.170629 | I | worker_oc_service_publish_impl.cpp:359 | 192.168.45.207 | 11:292 | 31b00e71-ae4d-43eb-a8da-43c8162bcd25 | jingpai |  [ObjectKey kv_test_9_5_162776410120550_0] is being publishing [Sz: 8388608].
worker_192.168.45.207/datasystem_worker.INFO.20260508024329_482.log.gz:1484474:2026-05-08T02:43:20.170648 | I | worker_oc_service_publish_impl.cpp:134 | 192.168.45.207 | 11:292 | 31b00e71-ae4d-43eb-a8da-43c8162bcd25 | jingpai |  Create meta to master[192.168.182.18:31402], src=192.168.45.207:31402, dst=192.168.182.18:31402
worker_192.168.45.207/datasystem_worker.INFO.20260508024329_482.log.gz:1484484:2026-05-08T02:43:20.170912 | I | worker_oc_service_publish_impl.cpp:401 | 192.168.45.207 | 11:292 | 31b00e71-ae4d-43eb-a8da-43c8162bcd25 | jingpai |  Put success
worker_192.168.45.207/datasystem_worker.INFO.20260508024329_482.log.gz:1484485:2026-05-08T02:43:20.170923 | I | worker_oc_service_publish_impl.cpp:427 | 192.168.45.207 | 11:292 | 31b00e71-ae4d-43eb-a8da-43c8162bcd25 | jingpai |  The operations of worker Publish exceed 3ms: {}
