worker_192.168.182.18/datasystem_worker.INFO.20260508024433_476.log.gz:291108:2026-05-08T02:43:20.143212 | I | master_oc_service_impl.cpp:261 | 192.168.182.18 | 11:266 | b06b395c-97ac-47bf-87c7-d0c86fb9da26 | jingpai |  Processing QueryMetaReq, requestId: 6845a9f8-cf8e-4487-acd0-820b373b0b62
worker_192.168.182.18/datasystem_worker.INFO.20260508024433_476.log.gz:291110:2026-05-08T02:43:20.143219 | I | master_oc_service_impl.cpp:270 | 192.168.182.18 | 11:266 | b06b395c-97ac-47bf-87c7-d0c86fb9da26 | jingpai |  QueryMeta on master 192.168.45.207:31402, target num 1, success num 1. The operations of master QueryMeta exceed 3ms: {}
worker_192.168.199.148/datasystem_worker.INFO.20260508024330_076.log.gz:1467698:2026-05-08T02:43:20.182426 | I | worker_worker_oc_service_impl.cpp:693 | 192.168.199.148 | 11:416 | b06b395c-97ac-47bf-87c7-d0c86fb9da26 | jingpai |  [Get/RemotePull] Receive, count: 1, remainingTime: 2ms, src=192.168.45.207:31402, dst=192.168.199.148:31402
worker_192.168.199.148/datasystem_worker.INFO.20260508024330_076.log.gz:1467700:2026-05-08T02:43:20.182434 | I | worker_worker_oc_service_impl.cpp:196 | 192.168.199.148 | 11:416 | b06b395c-97ac-47bf-87c7-d0c86fb9da26 | jingpai |  Processing pull object[kv_test_4_2_162782702325460_0] offset[0] size[8388608], src=192.168.45.207:31402, dst=192.168.199.148:31402
worker_192.168.199.148/datasystem_worker.INFO.20260508024330_076.log.gz:1467701:2026-05-08T02:43:20.182446 | I | urma_manager.cpp:1297 | 192.168.199.148 | 11:416 | b06b395c-97ac-47bf-87c7-d0c86fb9da26 | jingpai |  URMA write useNumaAffinity:1, src:1, dst:1, jetty id:1075, urma_inflight_wr_count:4
worker_192.168.45.207/datasystem_worker.INFO.20260508024329_482.log.gz:1484416:2026-05-08T02:43:20.169073 | I | worker_oc_service_get_impl.cpp:130 | 192.168.45.207 | 11:290 | b06b395c-97ac-47bf-87c7-d0c86fb9da26 | jingpai |  [Get] Receive, clientId: ea4c7528-2398-4743-bb3a-c7260bc08778, serverApiReadCost: 0.004ms, inflightRemoteGet: 1
worker_192.168.45.207/datasystem_worker.INFO.20260508024329_482.log.gz:1484417:2026-05-08T02:43:20.169090 | I | worker_oc_service_get_impl.cpp:165 | 192.168.45.207 | 11:204 | b06b395c-97ac-47bf-87c7-d0c86fb9da26 | jingpai |  [Get] Receive, clientId: ea4c7528-2398-4743-bb3a-c7260bc08778, objects: kv_test_4_2_162782702325460_0, threadPool: idle(14),total(18),wait(1), elapsed: 0.000ms, remainingTime: 16.000ms
worker_192.168.45.207/datasystem_worker.INFO.20260508024329_482.log.gz:1484419:2026-05-08T02:43:20.169108 | I | worker_oc_service_get_impl.cpp:1752 | 192.168.45.207 | 11:204 | b06b395c-97ac-47bf-87c7-d0c86fb9da26 | jingpai |  Query metadata from master: 192.168.182.18:31402, objects: kv_test_4_2_162782702325460_0, request id: 6845a9f8-cf8e-4487-acd0-820b373b0b62, remainingTime:14ms
worker_192.168.45.207/datasystem_worker.INFO.20260508024329_482.log.gz:1484431:2026-05-08T02:43:20.169447 | I | worker_oc_service_get_impl.cpp:780 | 192.168.45.207 | 11:204 | b06b395c-97ac-47bf-87c7-d0c86fb9da26 | jingpai |  [Get] Master query done, targets: 1, hits: 1, cost: 0.346ms
worker_192.168.45.207/datasystem_worker.INFO.20260508024329_482.log.gz:1484433:2026-05-08T02:43:20.169464 | I | worker_oc_service_batch_get_impl.cpp:607 | 192.168.45.207 | 11:204 | b06b395c-97ac-47bf-87c7-d0c86fb9da26 | jingpai |  [Get] Remote pull, count: 1, path: UB, src=192.168.45.207:31402, dst=192.168.199.148:31402
worker_192.168.45.207/datasystem_worker.INFO.20260508024329_482.log.gz:1484460:2026-05-08T02:43:20.170539 | I | worker_oc_service_get_impl.cpp:194 | 192.168.45.207 | 11:204 | b06b395c-97ac-47bf-87c7-d0c86fb9da26 | jingpai |  [Get] Done, clientId: ea4c7528-2398-4743-bb3a-c7260bc08778, objects: 1, transferPath: UB, totalCost: exceed 3ms: {}
