worker_192.168.219.74/datasystem_worker.INFO.20260508024052_043.log.gz:17405:2026-05-08T02:39:54.089769 | I | master_oc_service_impl.cpp:123 | 192.168.219.74 | 11:281 | 7c27f9de-9a6d-44c0-b120-8e45fbd34a05 | jingpai |  Processing CreateMetaReq, redirect: 1, src=192.168.35.20:31402, dst=192.168.219.74:31402
worker_192.168.35.20/datasystem_worker.INFO.20260508024010_921.log.gz:1368733:2026-05-08T02:39:54.527115 | I | worker_oc_service_create_impl.cpp:56 | 192.168.35.20 | 11:291 | 7c27f9de-9a6d-44c0-b120-8e45fbd34a05 | jingpai |  Receive create meta request, clientId: 3f5bf1c6-be91-4c48-a81e-aecfbee66216, objectKey: kv_test_14_11_162572213002450_0, size: 8388608
worker_192.168.35.20/datasystem_worker.INFO.20260508024010_921.log.gz:1368734:2026-05-08T02:39:54.527141 | I | worker_oc_service_create_impl.cpp:79 | 192.168.35.20 | 11:291 | 7c27f9de-9a6d-44c0-b120-8e45fbd34a05 | jingpai |  [Client 3f5bf1c6-be91-4c48-a81e-aecfbee66216] [ObjectKey kv_test_14_11_162572213002450_0] The operations of worker Create exceed 3ms: {}
worker_192.168.35.20/datasystem_worker.INFO.20260508024010_921.log.gz:1368735:2026-05-08T02:39:54.527546 | I | worker_oc_service_publish_impl.cpp:359 | 192.168.35.20 | 11:293 | 7c27f9de-9a6d-44c0-b120-8e45fbd34a05 | jingpai |  [ObjectKey kv_test_14_11_162572213002450_0] is being publishing [Sz: 8388608].
worker_192.168.35.20/datasystem_worker.INFO.20260508024010_921.log.gz:1368736:2026-05-08T02:39:54.527564 | I | worker_oc_service_publish_impl.cpp:134 | 192.168.35.20 | 11:293 | 7c27f9de-9a6d-44c0-b120-8e45fbd34a05 | jingpai |  Create meta to master[192.168.219.74:31402], src=192.168.35.20:31402, dst=192.168.219.74:31402
worker_192.168.35.20/datasystem_worker.INFO.20260508024010_921.log.gz:1368844:2026-05-08T02:39:54.536350 | I | zmq_constants.h:204 | 192.168.35.20 | 11:293 | 7c27f9de-9a6d-44c0-b120-8e45fbd34a05 | jingpai |  [ZMQ_RPC_FRAMEWORK_SLOW] trace_id=7c27f9de-9a6d-44c0-b120-8e45fbd34a05 framework_us=8726 e2e_us=8770 client_req_framework_us=15 remote_processing_us=8745 client_rsp_framework_us=10 server_req_queue_us=75 server_exec_us=44 server_rsp_queue_us=3773 network_residual_us=4851
worker_192.168.35.20/datasystem_worker.INFO.20260508024010_921.log.gz:1368846:2026-05-08T02:39:54.536366 | I | worker_oc_service_publish_impl.cpp:401 | 192.168.35.20 | 11:293 | 7c27f9de-9a6d-44c0-b120-8e45fbd34a05 | jingpai |  Put success
worker_192.168.35.20/datasystem_worker.INFO.20260508024010_921.log.gz:1368848:2026-05-08T02:39:54.536380 | I | worker_oc_service_publish_impl.cpp:427 | 192.168.35.20 | 11:293 | 7c27f9de-9a6d-44c0-b120-8e45fbd34a05 | jingpai |  The operations of worker Publish exceed 3ms: {Worker to master rpc CreateMeta: 8 ms; Total Publish: 8 ms; }
