worker_192.168.215.12/datasystem_worker.INFO.20260508024022_106.log.gz:151699:2026-05-08T02:38:25.732842 | I | master_oc_service_impl.cpp:123 | 192.168.215.12 | 11:284 | 4f4a45e6-916d-482a-a471-2a00a7d7cac6 | jingpai |  Processing CreateMetaReq, redirect: 1, src=192.168.219.74:31402, dst=192.168.215.12:31402
worker_192.168.219.74/datasystem_worker.INFO.20260508023953_612.log.gz:94328:2026-05-08T02:38:25.653898 | I | worker_oc_service_create_impl.cpp:56 | 192.168.219.74 | 11:295 | 4f4a45e6-916d-482a-a471-2a00a7d7cac6 | jingpai |  Receive create meta request, clientId: 202195ca-a414-4f90-a5e2-bc1782d343a9, objectKey: kv_test_53_2_162451880018390_0, size: 8388608
worker_192.168.219.74/datasystem_worker.INFO.20260508023953_612.log.gz:94329:2026-05-08T02:38:25.653945 | I | worker_oc_service_create_impl.cpp:79 | 192.168.219.74 | 11:295 | 4f4a45e6-916d-482a-a471-2a00a7d7cac6 | jingpai |  [Client 202195ca-a414-4f90-a5e2-bc1782d343a9] [ObjectKey kv_test_53_2_162451880018390_0] The operations of worker Create exceed 3ms: {}
worker_192.168.219.74/datasystem_worker.INFO.20260508023953_612.log.gz:94349:2026-05-08T02:38:25.654961 | I | worker_oc_service_publish_impl.cpp:359 | 192.168.219.74 | 11:294 | 4f4a45e6-916d-482a-a471-2a00a7d7cac6 | jingpai |  [ObjectKey kv_test_53_2_162451880018390_0] is being publishing [Sz: 8388608].
worker_192.168.219.74/datasystem_worker.INFO.20260508023953_612.log.gz:94352:2026-05-08T02:38:25.655012 | I | worker_oc_service_publish_impl.cpp:134 | 192.168.219.74 | 11:294 | 4f4a45e6-916d-482a-a471-2a00a7d7cac6 | jingpai |  Create meta to master[192.168.215.12:31402], src=192.168.219.74:31402, dst=192.168.215.12:31402
worker_192.168.219.74/datasystem_worker.INFO.20260508023953_612.log.gz:94360:2026-05-08T02:38:25.655405 | I | worker_oc_service_publish_impl.cpp:401 | 192.168.219.74 | 11:294 | 4f4a45e6-916d-482a-a471-2a00a7d7cac6 | jingpai |  Put success
worker_192.168.219.74/datasystem_worker.INFO.20260508023953_612.log.gz:94361:2026-05-08T02:38:25.655421 | I | worker_oc_service_publish_impl.cpp:427 | 192.168.219.74 | 11:294 | 4f4a45e6-916d-482a-a471-2a00a7d7cac6 | jingpai |  The operations of worker Publish exceed 3ms: {}
